{
 "cells": [
  {
   "metadata": {
    "ExecuteTime": {
     "end_time": "2026-02-25T22:44:56.858091800Z",
     "start_time": "2026-02-25T22:44:56.819427900Z"
    }
   },
   "cell_type": "code",
   "source": [
    "import numpy as np\n",
    "from numpy import linalg as LA\n",
    "\n",
    "A = np.array([[93, 3, 133, -3], [3, 171, -69, 43], [133,-69,253,13],[-3,43,13,57]])\n",
    "b = np.array([-8,6,-36,-30])\n",
    "\n",
    "print(f\"Matrix A Shape: {A.shape} \\nMatrix A: \\n{A}\")\n",
    "print(f\"\\nVector B Shape: {b.shape} \\nVector b: {b}\")\n"
   ],
   "id": "fbc121e30a2defb3",
   "outputs": [
    {
     "name": "stdout",
     "output_type": "stream",
     "text": [
      "Matrix A Shape: (4, 4) \n",
      "Matrix A: \n",
      "[[ 93   3 133  -3]\n",
      " [  3 171 -69  43]\n",
      " [133 -69 253  13]\n",
      " [ -3  43  13  57]]\n",
      "\n",
      "Vector B Shape: (4,) \n",
      "Vector b: [ -8   6 -36 -30]\n"
     ]
    }
   ],
   "execution_count": 26
  },
  {
   "metadata": {},
   "cell_type": "markdown",
   "source": "## 2.",
   "id": "266147dbafa87f3"
  },
  {
   "metadata": {},
   "cell_type": "markdown",
   "source": "Since the Hessian is equal to the matrix A and the matrix A is symmetric, then all we have to do to prove convexity is to determine whether or not its eigenvalues are greater than zero",
   "id": "3ccc8b0874e5975d"
  },
  {
   "metadata": {
    "ExecuteTime": {
     "end_time": "2026-02-25T22:12:47.000462600Z",
     "start_time": "2026-02-25T22:12:46.967751300Z"
    }
   },
   "cell_type": "code",
   "source": [
    "eVal, eVec = LA.eig(A)\n",
    "print(f\"Eigenvalues: \\n{eVal}\")\n",
    "print(f\"Eigenvectors: \\n{eVec}\")"
   ],
   "id": "5772aa9e21cb3f1f",
   "outputs": [
    {
     "name": "stdout",
     "output_type": "stream",
     "text": [
      "Eigenvalues: \n",
      "[348.10792578 174.23783083   0.8474311   50.80681228]\n",
      "Eigenvectors: \n",
      "[[ 0.43450249  0.31355166  0.72237498 -0.4371125 ]\n",
      " [-0.32363124  0.87155686 -0.30687859 -0.20365899]\n",
      " [ 0.84038846  0.17933964 -0.48489115  0.16268098]\n",
      " [-0.01475261  0.3315287   0.38585036  0.8608081 ]]\n"
     ]
    }
   ],
   "execution_count": 13
  },
  {
   "metadata": {},
   "cell_type": "markdown",
   "source": "Since the eigenvalues are all positive, then the matrix A is positive definite and strictly convex.",
   "id": "c382057967202356"
  },
  {
   "metadata": {},
   "cell_type": "markdown",
   "source": "## 3.",
   "id": "c1b3d0b7ab1c2e2b"
  },
  {
   "metadata": {},
   "cell_type": "markdown",
   "source": "$$x^{*} {=} A^{-1}b$$",
   "id": "a6220b981eaafaf9"
  },
  {
   "metadata": {
    "ExecuteTime": {
     "end_time": "2026-02-25T22:41:09.300875200Z",
     "start_time": "2026-02-25T22:41:09.234790300Z"
    }
   },
   "cell_type": "code",
   "source": [
    "a_inv = LA.inv(A)\n",
    "print(a_inv)\n"
   ],
   "id": "cbf871ef18bf52e7",
   "outputs": [
    {
     "name": "stdout",
     "output_type": "stream",
     "text": [
      "[[ 0.62064075 -0.25867562 -0.41336327  0.32208239]\n",
      " [-0.25867562  0.11660622  0.17505637 -0.14150573]\n",
      " [-0.41336327  0.17505637  0.28018393 -0.21771763]\n",
      " [ 0.32208239 -0.14150573 -0.21771763  0.1909004 ]]\n"
     ]
    }
   ],
   "execution_count": 15
  },
  {
   "metadata": {
    "ExecuteTime": {
     "end_time": "2026-02-25T22:50:32.248220200Z",
     "start_time": "2026-02-25T22:50:32.208020400Z"
    }
   },
   "cell_type": "code",
   "source": [
    "#x = -a_inv@b\n",
    "#print(x)\n",
    "x = -np.dot(a_inv,b)\n",
    "print(x)\n",
    "#x_star = -np.linalg.solve(A, b) // works too\n",
    "#print(x_star)"
   ],
   "id": "bb408f295a94a217",
   "outputs": [
    {
     "name": "stdout",
     "output_type": "stream",
     "text": [
      "[ 1.29857367 -0.71218508 -0.80215175  1.31487109]\n"
     ]
    }
   ],
   "execution_count": 37
  },
  {
   "metadata": {},
   "cell_type": "markdown",
   "source": "*write answer*",
   "id": "e5e2189bfea5afa7"
  },
  {
   "metadata": {},
   "cell_type": "code",
   "outputs": [],
   "execution_count": null,
   "source": "",
   "id": "87571a18d0f8dc38"
  },
  {
   "metadata": {},
   "cell_type": "markdown",
   "source": "## 4.",
   "id": "f9e21f77ac380033"
  },
  {
   "metadata": {},
   "cell_type": "code",
   "outputs": [],
   "execution_count": null,
   "source": [
    "def deltaf(x):\n",
    "    A@x+b\n",
    "x_new = x_0 -\n"
   ],
   "id": "e80fb82cddc9d7bf"
  }
 ],
 "metadata": {
  "kernelspec": {
   "display_name": "Python 3",
   "language": "python",
   "name": "python3"
  },
  "language_info": {
   "codemirror_mode": {
    "name": "ipython",
    "version": 2
   },
   "file_extension": ".py",
   "mimetype": "text/x-python",
   "name": "python",
   "nbconvert_exporter": "python",
   "pygments_lexer": "ipython2",
   "version": "2.7.6"
  }
 },
 "nbformat": 4,
 "nbformat_minor": 5
}
